[  2.70705604e-01  -8.17423860e-01  -3.97634508e-01  -6.63939180e-02
   3.96939009e-02  -1.57284494e+00  -8.83280496e-01  -1.11499163e+00
  -8.98422021e-01  -1.37726097e+00   1.06707455e+00  -8.51914604e-02
   3.84969357e-01   6.57595484e-01  -5.32096134e-01   4.17308221e-01
  -6.28145571e-01  -2.55814632e+00  -1.16590647e+00  -1.84615353e+00
   1.28017785e+00  -1.46311250e+00   9.46971895e-01  -1.44016048e+00
  -2.27888386e+00  -1.35867762e+00  -1.36165399e+00  -4.82521090e-01
   5.72989317e-01   4.94344000e-01   1.71187875e+00  -1.85729577e+00
  -1.73678386e+00  -6.98720301e-01  -5.83454425e-01   8.91657037e-01
  -5.30017405e-01   2.39266067e-01  -1.65852737e+00  -9.78912836e-01
   9.24125621e-01   2.54711161e-01   3.07864082e-01   3.00362762e-02
  -1.51785914e+00  -1.27194814e+00  -5.50926260e-01   3.20636775e-02
  -1.20689893e+00   1.58367086e+00   3.09175392e+00   1.44203831e+00
  -1.29803617e+00  -3.59391421e-01   8.35938117e-01  -9.03964507e-01
   9.81106922e-01  -3.97786134e-01   1.74679390e+00   1.22275869e-01
   5.97889344e-01   1.96006444e+00  -1.21962953e+00  -2.31953982e-02
   6.98996628e-01   1.90564791e-01  -1.74989293e+00   1.17637637e-01
  -4.84745659e-01  -1.34207069e+00   4.54265665e-01  -5.06721010e-01
  -1.76517477e+00   1.93473088e-01   8.00404686e-01   4.88554062e-01
  -2.13107841e-01   3.55050264e-03   2.85952813e-01  -3.27683134e-01
  -2.44033278e-01   1.23546515e+00  -1.17100891e+00   4.67544623e-02
   8.56175665e-01  -1.54621278e+00  -1.85167111e+00  -8.86012329e-01
   2.65718360e-02  -8.25359650e-01   1.27142026e+00  -2.05630256e-01
  -5.26248470e-01  -8.28769767e-01   3.31427880e-01  -1.06540331e+00
  -1.36640958e-01   2.10635939e-01  -1.55496576e-01  -1.95968412e-02
   9.66998019e-01   1.30938236e+00  -8.35189213e-01   1.18336646e-01
   7.85870337e-01   8.42899369e-01   6.30485191e-01   1.45543294e+00
   7.44405408e-01  -1.21074554e+00  -1.12628843e+00   9.95053503e-01
  -1.85724479e+00  -1.15966675e+00   4.03003592e-01  -1.16284499e+00
   8.58585719e-01  -2.65453413e+00  -1.24451393e+00  -3.76765166e-01
  -2.61896725e-01   1.12439696e-01   1.30981639e-01   5.71806674e-01
  -1.22052856e+00   1.22680528e-01   1.38315603e+00   5.97228572e-01
  -4.64367674e-01   6.99307638e-01   8.37019752e-01  -1.70064207e-01
   2.08044518e+00   1.50698634e+00  -9.33998982e-01  -8.80598141e-01
  -6.51574241e-01  -3.99395852e-01  -1.93367314e-01   9.58270864e-01
   2.52297492e-01   5.29618091e-01   1.61996690e+00   5.08996632e-01
  -1.53179868e+00  -1.33004666e+00   9.90505941e-02  -1.83345245e-01
   6.23928252e-01   6.52132063e-02   5.11031668e-01  -2.17596445e+00
   1.68053067e+00  -1.20357179e+00  -8.15572205e-01  -1.11177050e+00
   4.58502391e-01   1.37780048e+00  -2.01459201e+00  -9.46149490e-01
   5.24976165e-01  -2.54584177e+00  -1.01646018e-01   4.14789682e-01
  -4.12394943e-01  -1.46437038e-01   1.99039485e-01  -5.31041215e-01
  -2.33701353e-01  -5.14569068e-01  -5.71503920e-01  -2.36974972e+00
  -4.39973752e-01  -2.54570691e-03   9.84008565e-02   1.04622310e+00
   1.03226604e-01   1.72223037e+00   5.64299614e-01   7.67782433e-01
   8.04148268e-02  -6.63635289e-01  -4.78482811e-01  -1.23968518e+00
  -5.93399875e-01   1.57013396e+00  -5.39159751e-01  -1.71073229e-01
   1.43606160e+00   1.96335107e-02   3.19060242e-01   4.58384680e-01
   1.09045429e+00   7.18889439e-01  -1.46875942e+00   1.83159958e+00
  -2.31548734e-01  -9.37851189e-01  -4.24829175e-01   7.48682244e-01
   4.15179193e-01  -1.32372226e+00   3.29992131e-01   4.14870876e-03
  -1.02725314e+00   3.04225303e-01   2.76417901e-01  -7.92912331e-01
  -3.17501335e-01  -1.69833605e-01   4.89585378e-01   1.85755915e+00
  -2.38841283e-01  -6.42468500e-01   1.57427648e-02   4.01239100e-01
   4.48399685e-01   7.55572748e-01  -4.34564391e-01   1.63432016e+00
  -5.42872360e-01  -1.45865330e+00   3.33072470e-01  -9.11171516e-01
   8.77261972e-01  -2.94280699e-02  -1.02471297e+00   8.22746384e-02
   4.96418065e-01  -3.11712823e-03   8.50357353e-01   1.11367130e+00
  -9.79896691e-02   5.90993806e-01  -1.50431249e-01  -1.26145998e-01
  -6.51029119e-01  -5.75990415e-01  -1.41385808e+00  -8.26852476e-01
   1.45402160e+00   1.22819217e+00   2.19485550e-01   4.24789170e-01
  -1.34134077e-01  -1.28968395e-01   8.17745858e-01   5.18470461e-01
  -5.10971725e-02   1.80923374e+00  -5.42059638e-01  -1.84005527e+00
  -5.08247065e-01  -4.39554537e-01  -5.13772175e-01   8.24539295e-01
  -3.63317402e-01   7.46429805e-01   5.93648232e-01  -6.06754594e-02
  -1.54475235e+00   5.69699314e-02   7.04115102e-01   2.27541718e-02
   1.01885780e+00   5.92644313e-01  -3.10032365e-01   9.41440150e-01
  -1.63835789e-01  -9.87638341e-01   5.40373059e-01  -1.32332932e+00
  -1.65142464e+00  -1.45439901e-01  -1.92731163e-01  -1.05488524e+00
   6.54137668e-01  -7.34431299e-01   5.38084023e-01   7.02933813e-01
   1.11854506e-01   5.73776848e-01  -1.58325217e+00  -2.07487967e-01
  -6.04211162e-01  -1.22941867e-01  -5.84542949e-01  -3.43529912e-02
  -2.11856605e-01   1.61220033e+00   1.76125349e-01   1.11595182e+00
  -1.14896771e+00  -2.68507652e+00   3.47531016e-01   3.16613170e-01
  -4.48386360e-01   2.42558085e-01  -1.16695595e+00  -4.26558662e-02
  -6.82709327e-01  -9.11859031e-01   4.01082389e-02   1.48427513e+00
  -8.71372862e-02   1.69136346e+00   1.27081728e-01  -8.25351262e-01
   1.15995359e+00   1.18037159e+00  -7.18882533e-02  -1.72935196e-01
   4.92362991e-01   1.11716884e+00  -7.47947106e-01   2.43252167e-01
  -8.99073611e-01   9.03285012e-01  -3.79148356e-01   1.83846181e+00
   7.50142965e-01  -4.11906252e-03   9.72501117e-01  -1.69255943e+00
  -4.93648550e-01  -1.03636538e+00  -1.65727574e-01   1.13154704e+00
   3.41361680e-01  -1.03339989e+00  -8.50678955e-01  -7.32690042e-01
   3.63771387e-02  -1.08768840e+00  -4.58057613e-01  -7.57761074e-01
  -2.13245167e-01  -1.01766996e+00  -8.05490272e-01   9.70451934e-03
  -1.03238687e+00   2.19423528e-01   1.74938653e-02  -3.48535561e-01
  -1.21795668e+00  -2.04102311e-01  -3.22328575e-01  -1.51923593e-01
  -1.56301792e+00   7.49961846e-01   9.94395160e-01  -2.88116379e-01
   1.60533867e+00  -1.68253916e-01   2.19181536e+00  -7.98606227e-02
  -5.59858131e-01  -1.64124026e-01  -1.01528557e+00  -1.62801188e-02
   4.06306460e-01  -1.68622607e+00   1.34302852e+00  -4.94936204e-01
  -2.39118145e-01   3.65906838e-01   3.24565816e-01  -1.25914864e+00
  -2.86817901e+00   1.74086897e+00  -1.26990224e+00   1.33380002e+00
  -7.14280890e-01   9.49489031e-01  -4.70748484e-02   1.40895908e+00
  -6.05157720e-01   1.87146167e-01  -7.72062599e-01   1.22796539e+00
  -6.64872360e-01  -1.15171654e+00   1.73645559e-01  -1.91511296e+00
  -2.36201368e+00   4.82600159e-01  -3.10697878e-01   8.19716433e-01
  -1.52288602e-01   8.85658361e-01  -7.57929022e-01  -7.71508392e-01
   1.24106648e+00  -3.83879635e-01   2.85053263e+00  -1.15187224e-01
  -1.67282927e+00   2.56075221e+00  -1.52846373e+00   9.14201496e-01
  -1.12085912e+00  -4.20399316e-01  -1.27648797e+00  -1.42817015e+00
  -1.30681835e-01  -4.73111688e-01   5.62014763e-02   1.31723268e+00
   1.77115238e-01   1.82733075e+00  -4.42879544e-01  -2.65785767e+00
   5.64169180e-01  -9.74586946e-01  -7.18435115e-01   2.00826121e+00
  -6.94627384e-01  -3.78282696e-01   5.37130166e-01   8.26337780e-02
  -2.33456675e+00   7.22855713e-01   9.13133642e-01   6.43898221e-01
   1.12906099e+00   1.56198682e+00  -7.06596337e-01  -2.29727578e+00
   2.98983305e-01   6.78301255e-01   9.18400408e-01  -1.35176113e+00
   1.62098781e-01  -7.69215586e-01   4.90493685e-01  -8.44213423e-01
  -1.54147660e-01   5.88557472e-01  -3.96418452e-01   2.51041814e+00
   1.29198699e-01   1.05454331e+00   5.90799047e-01  -1.63807263e+00
   8.60402949e-01  -6.29607485e-01  -1.29414496e+00   1.60056055e+00
   4.14724733e-01   1.75095349e+00   6.00441398e-01   5.20510568e-01
   5.17670657e-01   1.09597944e+00  -1.08726967e+00   1.57093163e+00
  -8.17806544e-01   2.78441648e-01   1.93754263e+00   9.72748498e-01
   4.05018483e-01   6.72108885e-01  -3.01672817e-02   1.07544023e+00
  -1.28132741e+00   7.50203904e-01  -1.21468418e+00   5.39536678e-01
   1.91618331e+00  -5.66000622e-01   8.65113482e-01   2.08602431e-01
  -1.80363320e+00  -1.95717607e+00   1.08506526e-01   1.12219970e+00
   8.10587020e-02  -8.19294731e-01   1.86619251e+00  -1.10461828e+00
  -6.07462600e-02  -8.55794604e-02  -4.39807441e-01  -2.19072199e+00
  -9.85477795e-01   9.65608676e-02  -4.80592865e-01  -1.15724693e+00
  -1.38403694e+00  -1.06688902e+00  -9.94119652e-01  -7.74835473e-01
  -3.04595876e+00  -9.17766940e-01  -1.68916414e+00   4.08329848e-01
   7.13769682e-02   2.38150162e-01  -6.12229129e-01   9.04157916e-01
   2.41436839e-01   1.04894525e+00  -7.16903306e-01   1.46608981e+00
  -3.96277976e-01  -1.07075042e+00   1.87270617e+00  -7.07875381e-02
   6.11842230e-01   1.07223153e+00   1.11881505e+00  -3.09794338e-01
   1.04587917e+00   3.18854386e-02  -1.89823947e-01   9.29091300e-01
   5.26156889e-01   9.78876427e-01  -1.44455314e-01   1.07885183e+00
   7.15556521e-01  -1.08892133e+00   1.58103308e+00  -1.18353673e+00
  -3.87111369e-01  -1.11742827e+00  -4.14095727e-01   2.29877375e-01
  -8.04208663e-01  -3.40998351e+00  -1.17104414e+00   1.21708099e+00
  -1.37305439e-01   9.34125084e-01  -8.47575285e-01   5.47196850e-01
   1.52246232e+00  -1.11920278e+00  -2.26413596e-01   1.32847960e+00
  -8.01706410e-01  -6.45483081e-01   3.84524061e-01  -3.30247942e-01
   2.52741801e+00   5.89565743e-01   4.86772268e-01  -2.05984367e+00
   1.74202665e+00  -1.12478331e+00   1.06341776e+00  -3.56404211e-01
  -1.73443791e+00   2.03851487e-01   1.18928462e-01  -3.42031331e-01
  -1.00833762e+00  -5.55978050e-01  -3.84847891e-02   7.99467778e-01
   9.25075395e-01  -1.54241648e+00  -5.41337812e-01   5.87995857e-02
  -9.74664945e-01   1.50780834e+00   1.36838166e+00   7.96222746e-01
   1.28187513e+00   5.65457302e-02  -3.40826592e-01  -1.25603003e+00
  -1.24441591e+00   8.36983829e-01  -4.87320006e-01   7.16673033e-02
  -2.11648938e-01  -6.01969652e-01  -3.36144288e-01  -7.56613934e-01
   1.21931286e+00  -3.68209425e-01   5.78543830e-01  -1.11378019e-01
   1.91952238e+00   6.01106520e-02   6.69316054e-01  -4.41922828e-01
   1.34766386e+00  -1.65877833e-01   1.06319400e-01   6.84427982e-03
   9.39645374e-01  -3.47773692e-01   5.68545496e-01   2.37326206e-02
   3.69746097e-01   5.00692146e-01   2.83558603e-01  -5.01375150e-02
   9.53307893e-01   8.23010052e-01  -5.69359732e-01   4.71623234e-01
  -1.48706590e+00   5.52647958e-01   9.52594485e-01   1.67855311e-01
   1.22517136e+00  -1.29310342e+00   1.23678233e+00  -4.23126954e-01
  -1.09936873e+00   8.32976510e-01   5.65612733e-01  -1.92157281e+00
  -8.74651028e-01  -1.78734220e+00  -2.60949797e-01   5.63790821e-01
   9.01787194e-02   4.85199314e-01  -1.92536564e+00  -4.46189948e-02
  -5.66817379e-01  -2.41709154e-01  -4.47381338e-01   1.39099769e+00
  -1.19888120e+00   8.98618775e-02   1.97191628e+00  -1.05823422e+00
  -1.21101117e+00   1.67752561e+00  -7.49882287e-01  -3.20542441e-01
  -1.00558940e+00  -1.03241934e+00   8.26243472e-01  -4.85568901e-01
  -5.22422046e-01  -8.18008770e-01   1.28831089e+00  -1.22647741e+00
  -7.28701415e-01   9.79699901e-01   7.04737628e-01   5.50181215e-02
   2.58561413e-01  -1.85647963e+00  -1.64467993e+00  -2.78497119e-01
  -2.99916661e-02   8.57893308e-01   9.45941657e-01   8.30814738e-02
  -1.64780173e+00   1.29859498e+00   6.48515223e-01  -9.42492487e-01
  -1.34527815e+00   1.36055667e+00   1.05474386e+00  -1.20057114e+00
   4.05421175e-01   6.34295792e-01  -4.17647583e-01   1.42519376e+00
   7.62279439e-01  -1.38615296e+00  -2.26079553e-01   3.55965166e-01
  -1.08262931e-01   7.89341893e-01  -4.04821002e-01  -1.78064923e+00
   1.53050052e+00   1.94493697e+00   1.72167189e+00  -1.38285425e+00
  -1.15042987e+00   2.00677710e+00  -6.96917172e-01   9.46934073e-01
   8.75235588e-01  -1.51587947e+00   2.68552453e+00   1.37386367e+00
   9.62382318e-01  -1.00212102e+00   1.87312116e-01   5.41959439e-02
  -3.96705289e-01  -2.98071881e-01   6.73654138e-01  -1.65642523e+00
   1.18174908e+00  -3.42183568e-01   8.84374297e-01  -7.14464984e-02
   2.26118004e+00  -6.38370874e-01   2.35785204e+00  -3.35012541e-01
   3.67153734e-01  -1.28798701e+00   1.05253433e+00   1.51802367e+00
  -2.63268403e-01  -8.19572176e-01  -4.40362251e-01  -1.09166009e+00
   5.64860463e-01   1.00087248e-01  -1.31697025e+00   1.17698258e+00
   5.87700730e-01  -2.23739328e+00   2.10090454e-01  -8.97717655e-01
   8.15540305e-01   1.78813854e-01   1.88232050e-01   1.39345659e+00
   1.94692387e-01  -5.32815414e-01  -1.46475860e+00  -1.95488336e-01
   1.63320559e-01  -1.19873429e+00   6.59264494e-01   2.85502464e-01
  -1.39712251e-01   1.28850707e-01   5.73064508e-01  -1.26377434e+00
  -1.58319775e+00  -2.08584362e-01   7.75684543e-01   6.80911025e-02
   2.16916463e-01  -4.19676246e-01  -5.08127087e-01  -5.83908962e-01
   9.16938628e-01   1.29670191e+00  -2.24052094e-01   4.03075885e-01
   1.23983757e+00  -1.71078312e+00   1.26286504e-01  -8.59452369e-02
   1.06128207e-01  -2.60907217e-01  -9.52297835e-01   6.21831416e-01
   6.90463261e-01   6.19749278e-01  -2.39882619e-01   6.55287246e-01
   1.60994739e+00  -1.32100823e-02  -1.80497369e+00  -4.28419351e-01
   1.27274426e-02   3.44358525e-01  -8.65136253e-01   1.07933242e+00
   1.00468761e-01  -9.91095627e-02   9.19282043e-01  -1.07610069e-01
   8.62931570e-01   4.35293173e-01   1.67995297e+00   1.22093173e+00
  -1.75194660e-01   1.79331360e+00   1.31504336e-01  -1.46979630e+00
   7.67080654e-01  -4.02430364e-02  -7.53298292e-01   1.24986163e-01
   1.15141798e-02   6.67310845e-01   3.50226684e-01   2.60002177e+00
   7.79376838e-01  -1.39326234e+00  -2.11715182e-01  -8.87905147e-01
  -4.83245852e-01  -2.97943338e-01   1.62123641e+00   1.20231700e+00
   1.00277590e+00   1.30529589e-01  -1.79676945e-01  -3.10502371e-02
   3.92301057e-01   4.98116533e-01  -8.16620406e-01   6.08001574e-01
   1.55091465e-01  -5.96841404e-01  -3.12505527e-01   5.50607118e-01
  -1.26772141e-01   5.35109980e-02  -1.35479003e+00  -1.20775859e+00
   1.87697227e+00  -1.43034256e+00  -7.47197146e-01   3.76699522e-01
   2.31440863e-01   2.16547679e+00   6.95899437e-01  -1.46561401e+00
  -2.04851906e-02   1.14246137e+00  -2.70126638e-01   2.18544242e+00
   1.17849434e+00  -2.13204179e-01  -5.81895377e-01   1.20517468e+00
  -1.34112838e+00   1.08157922e+00  -1.33846520e+00  -4.29670532e-01
  -3.00539918e-01   8.82617022e-02   4.88164101e-01  -1.15824729e-01
   1.21697986e+00   1.25208563e+00  -1.34553382e+00  -6.93020323e-01
   1.48724457e+00  -1.21216826e-01   2.71915060e-01  -1.53362307e+00
   1.46581770e+00   1.12272648e+00  -1.46482890e-01  -1.04869039e+00
   8.76326716e-01  -1.76874763e+00  -1.42672365e+00   1.61122820e+00
   4.95000029e-01  -2.28485267e+00  -1.02696304e+00   2.35609345e+00
   5.87217917e-01  -7.70282934e-01   1.23514247e+00   5.88252891e-02
  -5.21446900e-01  -1.13518287e+00   3.35585348e-01   8.08803163e-01
   1.69599099e-01  -5.05197486e-01   1.38618381e-01  -4.02607988e-01
   8.90741977e-01   5.68613677e-01   2.77191916e-01  -1.04896577e+00
   3.07875415e-01  -1.43498438e+00   7.87547493e-01   2.38963758e-02
   1.06167637e+00   5.41478458e-01  -1.27554901e-01  -9.51557216e-01
   8.60313087e-01  -1.96381905e+00  -2.07732244e-02   7.88450349e-01
   1.25203338e-02  -9.77061019e-01  -1.92495060e-01   4.08619896e-02
  -7.91690031e-01  -1.10707402e-01  -8.36365082e-01   5.39128697e-01
  -4.84071562e-01   2.05282907e-01  -1.99305869e+00  -1.53013649e+00
  -6.64118687e-01  -5.57822638e-02  -1.01274313e+00  -5.57099670e-01
  -3.31962587e-01   1.42497460e+00  -1.57150697e+00   8.45205934e-01
   3.83503967e-01   4.39333969e-01  -4.01580532e-01   7.63745938e-01
   1.93452830e+00  -9.39723564e-01  -3.28516504e-01   3.59615375e-01
   2.12830990e+00   5.20154466e-02   2.34874628e-01   1.93662910e-01
  -2.28057089e-02  -1.77675260e-01   1.27424818e+00   6.10397273e-01
   2.14713185e-01   7.35485440e-01   4.05485645e-01  -1.84548544e-01
  -7.62769704e-01   2.48365815e-01  -1.30968532e+00  -4.91049132e-01
  -1.21337848e+00  -1.56353003e+00   1.95317822e+00   1.47849254e+00
   1.55152084e+00   1.44110557e+00  -9.24998699e-01  -2.29891116e+00
  -1.83617233e+00   4.73071256e-02  -1.38562865e+00   7.54638454e-01
  -2.42225327e+00  -2.18367032e-01  -7.74748717e-01   7.18824136e-01
   7.78150410e-02   1.79034142e-01   1.25060434e+00   1.24005279e+00
  -2.87381392e-01  -1.63835589e-01  -1.19298963e+00   8.05945396e-01
   3.68490487e-02  -1.08287447e+00  -3.30891619e-01  -9.75334467e-01
   7.77874599e-01  -3.52046586e-01   2.00608310e-01   1.25804301e+00
  -1.97350674e+00  -5.03957288e-01  -3.97760929e-01  -4.91991917e-01
   1.03881328e+00   8.01178710e-01   1.17574107e+00  -9.95702529e-01
  -2.25160689e-01  -7.20724251e-01   1.87837620e+00   6.97125695e-01
  -1.16058173e+00  -1.00359610e+00   4.52726820e-01  -1.33283270e+00
  -6.23343552e-01   4.28720186e-01  -1.65382844e+00  -4.91546867e-01
   6.43505069e-01   2.28272349e-01  -1.72625513e-01   1.03268506e+00
  -1.67610304e+00  -2.66422250e-01   1.75742485e+00  -4.90384427e-01
  -1.70139685e+00   9.35733279e-01   6.26022506e-01   2.25407339e+00
  -3.32436214e-01  -9.62641279e-01   1.47484520e+00  -7.03767614e-01
  -1.32126889e+00   2.06114048e+00  -1.20327823e-01  -3.85859009e-01]
[  2.72913595e-01  -6.52093771e-01   2.73837211e-01   4.15821123e-01
   4.77641166e-01  -1.89114906e+00   8.52152785e-02   4.75315673e-01
   5.25537013e-01   6.73174703e-01  -1.05080628e+00   6.91279938e-01
   1.69608999e+00  -8.21761217e-01   2.35322177e+00   7.40148314e-01
  -1.70097025e-01   1.75674592e+00  -7.22417892e-01  -8.30731082e-01
  -1.00115805e-01   1.11015545e+00   7.64599806e-03   1.21016252e-01
   5.60142088e-01   9.12128764e-01   6.15214018e-01  -1.21754829e+00
  -1.77345350e-01  -1.92710138e+00   1.53338886e-02   4.08830818e-01
  -4.48733419e-01   1.81254743e+00  -1.52398507e+00  -8.30086875e-02
   5.21358551e-01   1.54516137e-01   8.63166531e-01  -1.30179962e+00
  -8.88850058e-02  -1.45235437e+00  -1.78305897e+00   1.07492561e+00
  -1.22529231e-01  -4.52184272e-01   2.46427828e-01   2.22057818e-01
   1.31509421e-01  -8.53690333e-01  -7.20458265e-01  -9.27712061e-01
  -1.66110939e+00  -5.55206197e-01   2.38393586e-01  -1.60899058e-01
   1.26738864e+00  -1.65983148e+00  -1.05077442e-01  -6.00419540e-01
   1.16704667e+00  -6.37863176e-01  -9.35922392e-02   3.01207541e-01
   7.62252103e-01   2.07241030e-01   5.46011893e-01  -1.27681356e+00
  -1.15894628e+00  -1.18524033e+00   2.73181446e-01   2.60147714e-01
  -1.53337104e-01   1.36153019e+00   1.05964825e+00   8.43859769e-02
   1.54715953e-01  -1.45032702e+00   1.04526555e+00  -1.08271528e+00
   3.82567395e-01   1.60619249e+00   1.52065502e+00  -1.19560555e+00
  -1.04734635e+00   1.33827419e+00  -5.87460698e-01   9.94120208e-01
  -4.79560223e-01   2.12130641e-01  -4.22339877e-01  -9.24914328e-01
  -6.22707808e-01  -1.38910609e-01   1.31575440e-01  -9.38596067e-01
  -7.76069762e-01  -5.82783281e-01   5.82697651e-01  -3.46350756e-01
   2.12423166e-01   5.75105250e-01   5.11531971e-01   3.55349409e-01
   2.13023271e+00  -1.01251565e+00  -9.75413494e-01   1.57881513e+00
  -2.80363769e-01  -1.31492471e-01  -1.07268570e+00   2.00124095e-01
  -9.16542108e-01  -3.60412492e-01   3.18472977e-01  -1.53830234e-01
   8.86117131e-01  -1.93121132e+00   6.63892220e-01   1.31731150e+00
  -1.25107056e+00  -4.29490207e-01  -9.97453270e-01   1.55517549e+00
  -7.11229788e-01   5.82149369e-01   6.21646311e-01   8.35119225e-01
  -1.82986569e+00   1.85141169e-01   6.63627261e-01  -2.60154091e+00
   6.76086067e-01   1.19848911e+00  -9.86606588e-01  -3.47685069e-01
  -6.07028442e-01  -1.49614391e+00  -3.00658592e-01   4.73573041e-01
  -1.10362798e+00   2.52764333e+00   1.19141051e+00  -8.83824467e-01
  -8.68195496e-01  -2.66845514e-01  -6.24957081e-01   1.32256562e-01
   1.39956456e+00  -5.64696613e-01   1.54063032e-01  -1.69632633e+00
   6.10737627e-01   1.09663232e+00   1.01249330e+00  -2.13209492e+00
   2.36057693e-02   5.52602478e-02  -8.73298906e-01   2.23846259e+00
   8.89244819e-01   7.06349210e-01  -7.98058992e-01  -9.76454258e-01
  -5.14975408e-01  -2.47716740e+00   3.45509650e-01   1.65875901e-01
   3.98789670e-01   1.53152852e+00  -7.85653213e-01  -5.43306902e-01
  -1.16410375e+00  -1.37116863e+00  -4.01664479e-01   1.14919572e-01
  -1.82613005e+00   6.39042337e-01   1.72663078e+00  -2.06707304e+00
   6.06060830e-01  -6.77915261e-01   3.07069316e-02   1.89643168e+00
  -9.67207751e-01   1.34861995e+00   1.65059562e+00   6.70722970e-01
  -1.67961341e+00   3.50406426e-01   7.23685173e-02   1.93991045e-01
  -1.52834014e-01  -1.69375158e+00   8.67179988e-04   3.85487886e-01
  -1.62940816e+00  -1.08991870e+00  -1.89371144e+00   1.63828012e+00
   1.03229439e+00   3.30697252e-01   5.62655779e-01   1.24917315e-01
  -1.04319220e-01   5.02843669e-01  -5.35929900e-02   9.34533568e-01
   1.22814036e+00   3.24886506e-01  -4.66144993e-01  -2.74232981e+00
   9.19007305e-01  -9.51652108e-02  -3.74073426e-01   5.26156962e-01
   4.00583398e-01  -1.54719286e-01  -1.14216935e-01   1.33105422e-01
   1.22318972e+00   1.45741381e-01  -6.14370599e-01  -4.25032809e-01
  -1.84886239e+00  -4.62930712e-01  -1.71901545e+00  -9.87925412e-01
   4.69999654e-02   8.22382437e-01   1.21658683e-02  -3.64220167e-01
  -7.10708415e-01   3.41193214e-01  -1.26503624e-01  -4.68566293e-01
  -1.58388334e+00   1.97390574e+00   1.76056937e+00  -1.79596095e+00
  -7.81786262e-02   1.96512028e+00   1.00299562e+00  -2.83857048e-01
  -8.68380711e-01  -1.56428003e+00  -1.84483822e-01  -2.44219511e+00
   3.95447559e-01  -9.06994770e-01  -1.49707497e+00   3.67529163e-01
  -1.26359777e+00   3.95654595e-01   1.39969857e+00   1.13143918e+00
  -1.37357844e+00   6.23853967e-01  -8.70475252e-01   3.46745817e-02
  -1.03425718e+00   8.01819556e-01   2.29722809e-01   1.28424703e+00
  -4.77120884e-01  -1.16916344e+00   9.81199587e-01  -9.98492538e-03
  -6.22417233e-01  -3.05043753e-01  -1.86503272e-01  -2.00862593e-01
   3.36098180e-02  -7.61360186e-01   6.39905760e-01  -1.90010072e-01
   4.25706840e-01  -4.92742962e-02   5.28754294e-01  -1.96218490e-01
  -2.86954162e-01   1.72775443e-01   2.42274953e-01   1.08415647e+00
  -3.04441328e-01  -7.52483962e-01   2.41818985e-01   2.04625577e-01
  -2.20041306e-01   1.70659247e-01  -7.89061575e-01  -9.94333803e-01
  -6.31906167e-01   1.00808473e+00  -1.71101138e-01  -1.39705815e+00
  -1.36321512e+00   2.92814655e-01   5.09685535e-01   1.11291313e+00
   7.78488461e-01  -7.80682818e-02   3.31680018e-02   1.36457111e-01
  -5.63872929e-02   2.09719763e-01  -1.61493507e+00   3.41584683e-03
   8.42627902e-01   4.57151686e-01   6.06362024e-03   1.46742585e-01
  -1.25123739e-01  -9.44840601e-01  -1.06606227e+00  -5.68881378e-01
   1.06125027e+00   6.59562896e-01   1.15129884e+00  -1.18574935e+00
   4.07214046e-01   1.96501418e+00   1.06036711e+00  -6.51529129e-01
   6.08874134e-01   1.89856460e+00  -2.72352723e-01   8.11616580e-01
  -1.45423582e+00  -6.54897630e-01   1.24134888e-01  -8.30378180e-02
  -4.84223608e-01   2.44133931e+00   4.31898392e-01   4.09231694e-01
   1.39932132e+00  -1.09622286e+00   3.51696121e-01  -4.83002288e-01
  -7.21520509e-01   8.04508992e-01  -2.18839372e-01  -9.31377444e-01
  -7.46397761e-01  -3.19874415e-01   6.50804270e-01  -5.51591251e-01
   1.13538048e+00   3.39876039e-01  -2.57235905e+00   8.48929383e-01
  -1.72220747e+00  -7.98203125e-01   6.19312502e-01   9.62776755e-01
   6.58722720e-01   1.74234465e-01  -2.24975503e-01   1.72797149e+00
  -9.59528098e-01  -5.05337173e-01   6.69846609e-03   1.22797376e-01
  -2.41457789e+00   1.39215094e+00   1.48484126e-01  -2.32307011e-02
   7.23891122e-01  -6.18714501e-01  -7.75973533e-01  -9.75571898e-01
   1.05152970e-02  -4.89070344e-01   1.13013736e+00   1.03012924e+00
  -6.53017154e-01   4.44267512e-01  -1.45798169e+00  -1.31204078e+00
  -8.93963784e-01   6.09443669e-01   2.98855441e-01  -2.15228275e+00
  -1.44191519e+00  -3.41757738e-01  -3.69718121e-01  -3.12682508e-01
   1.68045810e-01   4.27963319e-01   1.50915030e-01   4.74046991e-01
   1.08480492e-01  -1.01451633e+00  -2.19182172e+00  -5.01563222e-01
   1.23670255e-01  -3.74935895e-01   1.37198562e+00   1.61954620e+00
  -1.56760323e+00   1.67808274e+00   1.77459527e+00  -1.50839269e+00
   1.45033153e-01  -8.86907765e-02   6.03407402e-01   1.86425047e+00
   9.86633646e-01   1.37878535e+00   1.55937872e+00  -6.36896936e-01
  -1.58657522e+00  -1.20635341e+00   6.59123143e-01  -8.31709588e-01
   1.11835970e+00  -4.90393676e-02   2.72174051e-01  -1.64660638e+00
   9.42276095e-01   1.10553563e+00   1.59466160e+00   1.62053288e+00
   7.29935139e-01   9.42078248e-01   2.30543786e-01   8.75259327e-02
   2.83574824e-01   4.02284767e-01  -4.35267697e-01  -2.17872410e-01
   3.63665207e-01  -4.33574246e-01   1.21248803e+00  -7.79592514e-01
  -2.01391562e+00   1.54840554e-01   4.80813305e-01  -5.68829420e-01
  -1.42041824e+00  -1.57491840e+00   1.39868075e+00  -5.84937904e-01
  -5.63294260e-01   1.46156217e+00   1.30239977e+00  -1.67533346e-01
  -1.52420666e+00  -4.06677143e-01   4.72461028e-01   7.28872614e-01
   3.52710614e-01  -5.04907237e-01   1.81230189e+00  -1.17419050e+00
  -3.49531912e-01  -7.23012932e-01   8.70398179e-03  -3.60261986e-01
   1.22713867e-01   8.81434463e-01  -6.99394955e-01   3.61781119e-01
   8.55132276e-01   8.97584399e-01  -4.41194285e-01  -6.24567000e-01
   4.56915830e-02   6.84293290e-01   1.17988727e+00  -2.29289073e+00
  -4.85522243e-01  -5.06233668e-01  -4.00082270e-01  -1.94373848e+00
  -3.82400312e-01  -1.86519115e+00   8.77688278e-01   1.54724670e+00
  -1.07474210e+00   2.70141828e+00  -3.09362951e-01  -1.41367567e+00
   3.70985356e-01   7.11991245e-01   6.43535986e-01   3.33244989e+00
  -4.42932807e-01  -1.87918316e+00  -6.43265713e-01   1.31325263e+00
   7.79059200e-01  -1.01672398e-01   2.17496232e-01  -3.25916120e-01
  -5.86540568e-02  -1.08969339e+00   8.87392559e-01  -2.62174183e-01
   1.82469177e+00  -3.21768938e-01   1.30302170e-01   9.17890194e-01
  -1.30036008e-01  -1.45094389e-01  -6.92942776e-01   1.26775259e+00
  -3.97453415e-01  -8.23389615e-01   7.14546449e-01  -5.25611868e-01
  -1.44252511e+00   6.05997583e-01  -5.98814647e-02  -1.71358178e+00
  -4.19327522e-02   2.75521729e-01  -3.64883126e-01   1.84804945e-01
   1.84525917e+00   1.94346624e-01   2.19270290e-01   9.95007877e-01
  -1.53134493e+00   5.64145936e-01   7.00357316e-01   4.51171490e-01
   1.14206463e+00   7.94035919e-01   1.34188964e+00   1.13831314e+00
   1.05044586e+00  -1.04284736e-01  -1.36747670e+00  -2.86109473e-01
   1.23271250e+00   1.83535718e+00   8.87963546e-01   1.55128725e+00
  -1.17599140e+00  -2.02178239e-01   1.68167230e+00  -8.92229670e-01
  -1.86072798e-01  -3.19747041e-01   8.91796002e-01  -1.80954981e-01
  -1.03500496e-01  -1.32743110e+00  -1.45621714e+00   1.46172788e+00
  -1.38819810e+00  -9.35918577e-01  -4.73788432e-01  -7.66495478e-01
   6.18120899e-01   3.93413222e-01   5.17677281e-01  -2.72095124e+00
   1.10156596e+00   5.81318890e-01  -2.61459221e-01  -7.73190631e-01
   1.09201089e+00   1.45273369e+00  -4.62894630e-02  -5.59571099e-01
  -9.82984381e-01  -8.08635605e-01   2.03469864e+00  -1.04882475e-01
  -9.52726384e-01   1.14282029e+00   3.17793570e-01  -1.63305404e-01
   7.00692587e-01  -1.94082271e+00   1.86720749e+00  -3.72411122e-01
  -8.16180332e-01   9.01708239e-01  -1.80728324e+00   7.31424019e-01
  -5.72013884e-01  -4.11573214e-01   2.59477971e-01   3.07826861e-01
   1.32174071e+00   1.38443492e+00  -4.32762686e-01   3.04987356e-01
  -1.27460438e-01   6.40998356e-01   1.54208505e+00   5.58421404e-01
  -4.85458626e-01  -5.31426886e-01  -1.56242374e+00   5.25906662e-01
  -1.15763826e+00   9.67672768e-02   1.75179960e+00   4.82244067e-01
   1.91655777e+00  -1.12477030e+00   3.04948205e-02  -5.33197913e-01
   7.75656534e-02  -6.26900364e-02  -1.54084097e+00  -1.17833358e+00
   7.47836359e-01  -7.27656373e-01  -3.34243590e-01  -6.93366239e-01
  -5.34730990e-02   7.58331131e-01   2.34587789e+00  -2.36058424e-01
   4.81179838e-01   3.73438772e-01   5.74868090e-01   1.32438069e+00
   5.55266837e-01  -1.24652837e+00   5.18439516e-01  -3.08467737e-01
  -6.81891803e-01   1.50279486e+00  -2.41292132e-01   2.67030237e+00
  -1.33164101e+00  -1.06608446e+00   2.55986483e+00  -2.91312438e-01
   1.47850709e+00  -8.81760667e-01  -1.20792397e+00  -2.63036147e-02
   1.01576318e+00   9.04522803e-01   2.04379457e+00  -1.91584972e+00
   1.12536612e+00   1.87997880e-01  -1.40358600e+00  -8.19999276e-01
   5.20629064e-01  -1.57258267e-01   1.94261368e-01  -1.57027490e+00
   1.22777679e+00  -1.05069104e+00  -4.03502116e-02   8.44360296e-01
   3.15806994e-01  -3.91701854e-01  -3.03300174e-01   1.21427355e+00
  -9.75342846e-01  -5.53495578e-02  -1.41367446e+00   8.35873062e-01
  -1.26119458e+00   2.21147960e+00   1.14908380e-01   1.02916728e+00
  -1.50701451e+00   1.06668030e+00  -1.72555107e+00   2.20639944e-01
   2.19013078e+00   1.78799925e+00  -1.03933811e+00   1.51637332e+00
  -3.87556244e-01  -5.36917479e-01   1.97354511e-01   4.32126569e-01
   2.84934551e-01   5.02109727e-01  -3.96173957e-01  -1.35215003e+00
  -3.50034569e-01   2.02702442e-01   8.59316757e-01   2.03993316e-01
  -7.14503566e-01   3.92832429e-01   2.19833790e+00  -8.22824881e-01
  -9.21155900e-01   7.96584510e-01   3.76271646e-01   5.86624342e-01
   5.60749795e-01  -1.09661641e+00   3.06128756e-01   3.14297263e-02
  -2.75581743e-01  -6.19386823e-01   2.14654552e+00   1.65564936e+00
  -9.54655833e-01   5.15325205e-01   1.22010293e+00  -5.64753128e-01
  -3.35434721e-01  -7.25406850e-01   4.45810936e-01  -8.88240778e-02
  -1.68623231e-01  -3.49385405e-01  -1.77988106e-01   6.84035928e-01
  -6.64957812e-02  -1.60726038e-01  -3.74350599e-01   1.67924467e+00
  -5.25377244e-01  -3.27646109e-02   2.29408925e-01  -1.13625129e+00
   1.43720408e+00   1.69675835e-01   2.35526398e-01  -1.31715511e+00
  -3.42188602e-01  -1.87080827e-01  -1.51917614e+00   1.60344371e-01
   1.01535971e+00   1.79437076e+00  -5.05110249e-01   1.41649200e+00
   1.40034169e+00  -2.71188539e-01   1.75703576e+00   3.03667472e-01
  -1.93524981e+00  -1.09298170e-01   5.74632780e-02  -1.49988113e+00
   8.32013244e-02  -6.12747531e-02  -8.75434220e-01   9.99046767e-01
   2.82768676e-01  -4.03496567e-01  -9.05075980e-01  -3.96926367e-01
  -1.10328686e+00  -3.04246332e-01   5.36713434e-01   4.78050380e-01
   1.14014109e+00   2.24679930e-01  -1.14785961e+00   1.34667907e+00
   2.15822669e+00  -2.10012933e+00   9.26232783e-01   1.03170888e-01
  -1.95419587e-01   9.41526986e-01  -6.85615688e-02   1.24992881e+00
  -5.05455283e-01  -2.10249114e-01   1.33722964e+00   6.52119972e-01
   3.68988367e-03  -8.24016734e-01  -7.50953042e-01  -1.67145605e+00
  -2.40035665e-01   1.28267168e+00  -1.02697067e-01  -6.22550862e-01
  -4.59395229e-01   2.26688845e-01   1.94415243e-01  -7.93820860e-01
   7.42131073e-02  -1.50599119e+00  -7.49843469e-01   1.23609342e+00
  -3.87216253e-01  -7.61402498e-01   8.79158054e-01   1.10989752e+00
   6.74720084e-01   2.33203286e-01  -4.74869386e-01  -8.24667785e-01
   1.22183032e+00   5.86581774e-01  -1.19341129e+00   1.19710927e+00
   6.68848489e-01  -1.90613652e+00  -6.43862313e-01   1.45403337e+00
  -7.29613650e-03   7.00764354e-01   4.42813797e-01  -9.78944307e-01
  -1.52716409e+00  -1.37528964e+00  -9.92120051e-01   1.16624133e+00
   1.36735696e+00  -1.64205622e+00  -5.09767243e-02   6.21770209e-01
   4.64279389e-01  -2.70341399e-01   1.43115103e+00  -2.73908359e-01
   2.91628019e+00   4.13403915e-01  -3.02303448e-01  -7.31635860e-01
   1.55992615e+00  -7.11065416e-01   1.29468149e+00   1.13493853e+00
   7.04013575e-01  -5.65161255e-01  -9.63874936e-01   2.46025812e+00
   7.42934137e-01  -4.11164763e-01   1.58089056e+00  -1.12153675e+00
   3.58273070e-01  -1.63812444e+00   1.64841976e+00   1.92951015e-01
  -9.81812844e-01  -1.36516336e+00  -8.55107173e-01   2.29419897e+00
   7.54294543e-01   1.62110393e+00   1.12141544e+00  -2.52458222e+00
  -1.51068740e+00  -4.01567360e-01   2.32788593e-01   5.80431368e-01
  -1.43965204e+00  -5.13686078e-02  -1.05366587e+00  -1.93602085e+00
  -2.02254382e+00  -5.28904062e-01   9.03523182e-02   8.66242843e-02
  -6.35356723e-01  -1.12336596e+00   4.33465131e-01  -8.11259922e-02
   4.30243874e-02  -1.84247034e+00   1.49741111e+00  -1.46266224e+00
   1.28127188e+00  -1.23377590e+00   4.17284124e-01  -4.65357748e-01
   1.16643663e+00   5.21282369e-01  -1.37456658e+00  -1.08377040e+00
   1.31038428e+00  -5.05282121e-01  -2.73460798e-01   1.07438777e+00
  -1.93674635e+00  -5.02846292e-02   1.87741367e+00   6.92875370e-01
  -2.51087912e-01  -7.20168830e-01  -4.26424090e-01  -1.54649369e+00
   6.11011972e-01  -9.86954467e-01   6.02693510e-01  -8.30503181e-01
   1.13159317e+00   1.19979371e+00   1.15028097e+00  -6.60214643e-01
  -3.07402023e-01  -1.58863213e+00  -1.70933543e-01  -1.00421152e-01
  -2.68660158e-01   1.97404717e+00   1.03409563e+00  -9.76801923e-01
   6.46733395e-01  -3.61354886e-02  -1.99454643e-01  -9.68811298e-01
  -7.88309050e-01   1.81303216e-01  -4.53816958e-01   9.13341486e-02
   7.50904270e-01  -1.22302413e-01   5.86802511e-01  -6.96624142e-01
   1.13653385e-01   1.36204949e+00  -5.06699997e-01   7.31634786e-01
  -1.25761696e+00   8.34281853e-01  -8.25565950e-01  -3.18398649e-01
   2.71620112e+00  -8.43233147e-01  -8.17254068e-01   1.10765865e+00
  -2.12355293e+00  -1.05154593e+00  -1.14894217e+00  -3.44969350e-02
   4.52100399e-01  -6.75175391e-01   1.31165265e+00  -8.51991904e-01
   1.31510946e+00   3.96438555e-02   2.32786778e-01  -1.73488860e+00
  -3.74438749e-01   9.97805633e-01   4.75037243e-01   1.38220170e+00
  -7.09612601e-01  -1.59798183e-01   5.58012774e-01   7.81206893e-01
   2.77738548e-01   1.75405968e+00  -1.08783064e+00   3.74774950e-01
  -5.51751428e-02   4.17569865e-01  -2.88030678e-01   5.11835781e-01
  -1.37234381e+00   8.79623377e-01   1.32286706e-01  -1.03202247e+00
   1.40073312e+00   2.30458476e-01   3.55418393e-01  -1.24759297e+00
   1.13447905e-01   2.56624864e-01  -8.79981241e-01   8.10394181e-01
  -1.24265373e+00   2.48689868e-01  -1.68918310e+00   9.36141598e-01
   9.46770822e-01   3.35293847e-01  -1.02950318e+00  -2.66420556e-02
   2.10249844e+00  -1.50881307e+00   2.05897631e-01   3.66151403e-01
   1.37021829e+00   9.24478906e-01  -5.11399188e-01   2.45901378e-01
  -5.19215427e-01   6.64957928e-01   1.67014329e+00  -1.76321978e-01
  -6.55526298e-01  -5.77988433e-01  -5.43715214e-01  -1.90536742e+00
   2.35305294e+00  -1.08314299e-01  -1.97777201e-01  -1.45590649e-01
  -5.41438807e-01   5.73640030e-01  -8.00604546e-02  -1.47098384e+00]
[  1.04451821e+00  -1.03550184e+00   2.23486336e+00   8.03061200e-02
  -1.13968687e+00   3.55048109e-01   8.24451162e-01   1.02464628e+00
  -1.36553364e+00  -1.81733876e+00   7.58073339e-01   3.88733945e-01
  -2.06431902e+00   4.36454646e-01  -7.59542320e-01   5.76029961e-01
   3.51585568e-01   1.22295549e+00  -1.87041452e+00  -8.59218836e-01
   7.30133683e-01  -6.16345558e-01  -1.02839591e+00  -6.47876351e-03
  -1.97820788e+00  -2.28955607e-01   9.40382680e-03  -1.71331748e+00
   1.25186044e-01  -3.22547191e-01  -5.31515179e-01   2.53150034e-01
  -3.82421054e-01  -6.18588495e-01   2.87752988e-01   1.27957248e+00
  -1.67826889e-01  -6.79667482e-01   7.53033620e-01  -1.01400372e+00
  -7.75950732e-01   2.66625456e-01  -2.18519171e-01   4.08922247e-01
   1.76130415e+00  -4.04832059e-01   1.32798585e+00   1.02040227e+00
   9.32487528e-02  -5.83687439e-01  -2.74071004e-01   5.22328835e-01
   9.64683395e-02  -1.16698388e+00  -7.28155525e-01   2.58724067e-01
  -6.15951923e-01  -3.20824992e-01   1.38304114e-01  -2.37626436e+00
  -4.94016001e-05  -1.15882480e+00   7.78938195e-01   6.54550007e-01
   2.34044979e-01   6.00760542e-01   8.00787651e-02   8.00980446e-01
   1.34198683e+00  -1.11728071e-01   1.61276748e+00  -9.43411825e-01
  -7.29096571e-01  -1.08486258e+00   7.05976693e-02   8.93043732e-01
  -1.09376209e+00  -1.45383663e-01   1.18479236e+00  -1.19908541e+00
  -5.85018760e-01   1.16415308e+00  -4.71996290e-01  -6.02040223e-01
   1.68784756e+00  -1.34176052e+00   1.76308737e+00   9.85748024e-01
  -2.13761738e-01   6.74750176e-01   1.58344353e+00  -6.52669836e-01
   8.04423062e-01  -1.12137169e+00   2.78905162e-01  -2.37992784e+00
  -2.33799125e-01  -4.46448841e-01  -3.39917970e-01  -1.22279357e-01
  -1.72005462e+00   2.31176259e-01  -9.15167485e-01   5.42877847e-01
  -4.16413722e-01   1.77594216e-01  -1.50164185e+00   7.86142830e-01
   3.97518043e-01  -8.22827414e-01  -7.59727956e-01   6.08981584e-01
   9.14559938e-01  -1.46122242e+00   1.49312802e+00  -1.37300718e+00
  -6.93619681e-02  -1.42724015e+00  -3.30527846e-01  -8.64939508e-01
  -1.47597803e+00  -6.83509457e-01  -7.99897238e-01   1.20572368e+00
   7.88070710e-01  -1.78915392e+00  -1.21229215e-02  -1.38832283e-01
  -7.40629510e-01  -1.92367324e+00   2.60555267e+00   2.40181999e-01
   5.04240437e-01  -1.51096284e+00  -2.38266395e-01  -2.88618314e-01
   4.72965147e-01  -3.37688586e-01  -4.07306132e-01   2.03971694e-01
  -1.19224930e+00  -3.96764657e-01  -1.40502999e+00   4.00713035e-01
  -2.51309243e+00  -6.53116318e-01  -9.31568567e-02   6.47240578e-01
  -1.66048899e+00   3.96555973e-01  -3.76593342e-01   2.14373852e+00
   1.96316469e+00   1.43657347e+00  -7.30083652e-01  -8.16122393e-01
  -3.85985097e-01  -6.20191889e-01  -3.47528627e-01  -1.62313425e-01
   7.38374038e-03   6.92248303e-02  -2.17179718e+00   1.61038792e+00
   9.98910236e-01   4.31319557e-01  -3.95808387e-01  -1.42406796e+00
   2.11981330e-01  -1.02955835e-01   1.50009686e+00   1.91498195e+00
  -1.76842585e+00   1.06162203e+00   2.96056794e-01  -4.75828349e-01
   1.20162846e+00  -8.14396300e-01   1.20541128e+00   2.07519508e+00
   1.38013742e+00   8.00786988e-01   7.49179089e-01  -6.10198920e-01
   1.11804329e+00  -5.90981602e-01   2.23510016e-01  -1.12928901e-01
   4.16540326e-04   1.13323039e+00   2.40754037e-02  -3.55859751e-01
   3.07620425e-01   3.96034976e-01  -1.44375231e+00   1.57570458e+00
   2.41443602e+00   8.75766453e-01  -3.33925802e-01   1.51542259e-01
  -6.12622338e-01  -1.03024020e+00   9.89938118e-01   2.85838091e-01
   9.69649784e-01  -6.88021122e-01  -6.92553924e-01   7.99839737e-01
  -1.10001907e+00   1.25360223e+00   1.01385399e+00   5.96015932e-01
   6.37170058e-01  -6.08308879e-01   8.74569491e-01   6.21844275e-01
  -3.01085519e-01  -7.01262587e-01   9.44752959e-01   7.05120795e-01
  -2.24958695e+00  -6.36081457e-01  -3.45261371e-01  -2.33595170e-01
   9.08741431e-01   1.58295725e-02  -4.99692631e-01  -3.95563253e-01
  -5.50173085e-01   9.26245005e-02   1.95907383e-01  -1.17702843e+00
   7.39631819e-01   8.77840751e-02   2.02295746e-01   1.16526534e-01
   7.57080498e-01   4.75206425e-01   8.83304973e-01  -7.39487428e-01
  -7.23868369e-01  -8.51688150e-01  -1.12690923e+00  -2.52200934e-01
  -6.00714282e-02   4.24374324e-01  -6.60805654e-01  -1.93292506e+00
   1.31840816e+00   6.29472188e-03   7.31486635e-01   9.98645834e-01
   1.97925995e-01   6.07010108e-01  -1.08851927e+00  -9.33833775e-01
  -1.41852541e+00   1.26405694e+00   2.09669637e+00   1.45115995e-01
   1.12533117e+00   3.38601603e-01   1.08798656e+00   6.78302223e-01
   2.00065822e+00  -1.61454786e+00   3.59405673e-01   1.78968253e+00
  -1.00499619e-01   5.05967099e-01   5.42867926e-01   2.64203761e-01
   1.30503878e-01   5.67354237e-01   2.80709398e-01   2.24667261e+00
  -6.67686143e-01  -3.96278430e-02   1.21963286e+00   1.13092589e+00
  -2.58075085e+00  -6.89372859e-01  -4.32880142e-01  -4.82778554e-01
  -1.47439987e-01   1.20488814e+00  -2.42444299e-01  -1.17737444e+00
  -4.21332958e-01   1.69575199e+00  -7.81276461e-01  -3.59172124e-01
   1.10955839e-02   4.28630575e-01   6.70522367e-02   1.24285345e-01
   4.95795347e-01   1.04980452e+00  -5.30059767e-01   2.68944929e-01
  -3.68513246e-01  -1.44562333e-01   5.45296549e-01   5.73291159e-01
  -1.18928102e-01  -1.12046878e+00  -1.46613782e+00   1.23623106e+00
  -1.47813953e-01   2.63840591e-01  -1.61576494e+00   2.85758120e-01
  -2.36824556e-01   1.52720767e-01   2.21361884e+00   5.87389672e-01
   1.32269219e+00  -1.21911669e+00  -1.51031015e+00  -7.05765957e-01
   3.07927783e-01   1.38386608e+00   7.28640069e-01  -9.29600252e-03
   1.62433852e+00  -7.91193934e-01  -1.23469171e-01   1.06486717e+00
   5.75452667e-02  -1.78559855e+00   2.75771226e-01   9.96123347e-01
  -1.95476551e+00   1.12206920e+00   9.95696564e-01   8.24945012e-02
  -5.15214569e-01   1.19467263e+00   1.08362110e+00  -1.30933447e+00
  -3.82128350e-01   7.48055216e-01  -1.15388459e+00  -6.91415534e-02
   3.36971330e-01  -7.25860413e-01   2.91352123e-01   4.42172789e-02
  -1.26278782e+00   9.15557679e-01  -1.22133230e-01  -1.59701587e-02
  -1.11227185e+00  -1.06212445e+00  -3.02742070e-01  -1.15182710e+00
   7.68632774e-01   5.71736641e-01  -1.81388435e-01   2.31184732e-02
   3.59524498e-01  -1.49611641e+00  -1.40242358e+00   8.65326468e-02
   1.06257701e-01   1.87028920e+00   5.71120090e-01  -5.15424818e-01
   1.06822664e+00  -5.22307709e-01  -8.33500469e-01   7.73207019e-01
  -9.45400191e-02  -5.15728251e-01  -3.59692772e-01   1.86839929e-01
   1.44699614e+00  -8.76880672e-01   2.29560696e-01   2.85007771e-01
   1.13262698e+00  -8.92168104e-01   2.18480796e+00   6.05651185e-01
  -1.31462325e+00   9.31304014e-01  -7.44813958e-01   5.11836520e-01
   2.74968056e-01   1.74478367e+00   1.73262274e+00   9.01412812e-01
  -9.26301523e-01   1.88251605e+00   7.23194774e-01   8.45595568e-01
  -2.11126968e-01  -1.63543270e-01   1.75566603e+00   9.22819700e-01
   9.25121403e-02   2.07515229e+00  -1.06836550e+00  -1.20959414e+00
   1.15756833e+00   6.62424268e-01   1.48047021e+00   6.82073590e-01
   1.17339741e+00   6.79451456e-01   2.43718876e+00   9.27182410e-02
  -3.79643041e-01   5.54164506e-01  -2.57858340e-01  -3.43464644e+00
   1.52906032e-02   9.08740986e-03  -7.89099126e-02  -1.32059708e-01
   2.27187658e-01  -7.24630978e-01  -4.20332534e-01  -9.64514296e-01
  -5.64562120e-01   1.93595244e+00  -6.76712050e-01  -1.12591989e+00
  -4.42521622e-01   5.00382403e-01   8.64704827e-01  -1.14461704e+00
  -9.19583659e-01  -1.18239554e+00  -6.12329880e-01  -6.71651795e-02
  -1.18609516e-01   3.00516900e-01   3.85079067e-01   3.23461480e-01
   3.02587621e-01   4.13416382e-01   2.58810006e-01   9.04781449e-01
   6.73728471e-01  -9.46616201e-01  -9.98200129e-03   1.10383118e+00
   1.37602006e+00  -4.09768310e-01   7.70808159e-01  -2.30599756e-02
   4.84263007e-01  -1.45313952e-01   6.84820602e-01   6.42942239e-01
   2.13877117e-01   5.76291812e-01   1.60984094e+00  -2.81138282e-01
   1.02115280e+00  -1.98932348e+00  -1.42365801e+00  -3.18654063e-01
   7.35454196e-01  -3.77064504e-01   6.71616238e-01   3.42024126e-01
   1.27008390e+00   1.53565291e+00  -4.77243902e-01   9.54370044e-01
   6.87767490e-01   1.34242975e-01   1.82778960e+00   4.55160137e-01
  -3.04560592e-01   4.24696152e-01   9.66287590e-01  -2.29523378e-01
  -1.14636739e+00  -1.33637918e+00  -2.52491436e+00  -1.60882147e-01
   1.34160190e+00   5.15177656e-01  -1.76364404e+00   5.88296923e-01
  -9.65998473e-02  -8.07533756e-01   1.77742690e-01   8.06613519e-01
  -1.60170476e+00   8.80662141e-01   3.60521655e-01   6.03692509e-01
  -6.58722713e-01  -3.50231689e-02   1.55906159e+00  -1.22090192e+00
  -8.61929826e-01  -6.62399540e-01   9.28972174e-01  -4.81639882e-01
   5.78924288e-01  -1.44129149e+00  -5.31160684e-01  -6.10872926e-01
  -3.53414466e-02  -8.36825458e-01  -5.21531609e-01   1.61122420e+00
  -1.76779689e+00  -1.03050573e+00  -6.24839453e-01  -9.24258589e-01
  -6.97244131e-01  -1.55102389e-01   1.16062409e+00  -1.26154406e+00
   6.59518869e-01   9.44651530e-01   1.74079550e+00  -9.41737920e-01
   4.95068069e-02  -6.35110571e-01   4.16558011e-02   7.67314890e-01
  -3.36416484e+00  -1.08011598e+00   1.06128918e+00  -2.17558514e+00
  -1.29937091e-01  -2.35868623e-01  -7.85080829e-02   1.42808630e+00
   1.88977384e+00  -2.56376323e-01   3.61631298e-01  -9.02111855e-02
  -4.35966758e-01  -2.77496337e-01  -5.09381183e-01  -9.41481176e-01
   1.39588961e+00   5.24473233e-01   1.08797581e+00   8.44949917e-01
   1.71279668e+00  -6.55909566e-01  -6.11928139e-01  -1.39502729e+00
   3.93418633e-01   1.16628098e+00  -1.16741377e+00   2.06467126e+00
   1.66673256e-01   1.92264576e+00  -1.32712547e+00  -7.65142290e-01
   2.36789307e-01   1.95835416e-01   8.19772475e-01  -1.52141969e+00
   1.26679211e+00  -7.55513633e-01   1.00177398e+00   1.03417932e-01
  -8.72228608e-01   3.70829960e-01  -6.34074882e-01  -2.94515708e-01
  -7.86311755e-01   1.71613228e-01   1.38559800e+00  -1.61070552e-02
   2.04334525e-01  -1.07184229e+00  -4.01891943e-01   5.81419065e-01
   4.63291320e-01   1.02108567e+00  -1.01357164e+00  -5.81751160e-01
  -7.29868941e-01   4.90593235e-01  -1.31572645e+00  -2.87361359e-01
  -9.38911942e-01  -3.04973019e-01  -7.37016418e-01   1.32351392e-01
  -8.57328760e-01   5.55911976e-01  -1.62910383e-01   4.82261735e-01
   1.31945055e+00  -4.14142263e-02  -1.32030900e+00   7.35074584e-02
  -9.28369760e-03   8.04848260e-01  -9.75176718e-01   1.11035518e-01
   1.40502193e+00   6.38392858e-01   1.22832858e+00  -5.07719901e-01
  -4.27281492e-01  -9.69540785e-01   2.62546183e-01  -8.87551719e-01
  -1.49177863e+00  -2.36219954e+00  -2.02683205e+00   1.03151981e+00
   2.59881581e-01  -1.07982971e-03  -9.43487238e-01   8.72491984e-01
  -1.08763902e+00   1.72824889e+00  -3.98232821e-02   1.72897673e-01
   3.17761208e-01   1.57546044e+00   5.30532511e-02  -1.56974604e+00
   5.65821384e-01  -7.94308036e-01   5.24230350e-01  -3.93584932e-02
   9.89361887e-01  -1.03603794e+00   7.24247429e-01   1.70034207e-01
   9.32365473e-01   1.64324918e-01  -3.06682983e+00  -1.78556546e+00
   4.82829266e-01   1.29581420e+00   1.32101415e+00   6.92495694e-01
  -1.73105150e+00  -9.26790728e-01   7.87740929e-01  -4.18287416e-01
  -1.00793199e+00   2.37116733e+00   3.41587840e-01  -5.26020589e-01
  -1.88575201e-01  -1.16944130e+00   2.19051135e-02  -1.68054343e-01
  -7.57925217e-01  -5.13320204e-01  -4.69837961e-01  -3.71471371e-01
   7.75069504e-01  -3.85616023e-01  -5.39485338e-01   7.41160147e-01
   1.24040597e+00   2.00181860e-01  -1.76756772e-01   1.92399851e-01
  -5.93346972e-01   1.35962406e+00   5.48628121e-01  -4.00014374e-01
   1.38145752e+00   7.98737133e-01   2.76895453e-01   6.91236008e-03
   1.91097478e+00   5.86611805e-01   6.46408634e-01  -7.81240807e-01
   6.11824720e-01  -8.98469815e-01   2.02415246e+00   1.26478855e+00
  -1.38380031e+00  -1.83150489e+00   1.62568968e+00   2.09247220e+00
   1.46911893e+00   8.23846260e-01   5.58588270e-01   1.43301631e+00
   1.56919879e+00  -3.57784902e-01  -3.65109381e-02  -6.23072774e-01
   4.94162495e-02   1.04592910e+00   1.93020333e-01  -6.14118757e-01
   1.15435057e+00   1.82106624e+00   1.46664653e-01   1.86635466e+00
   1.04609970e+00  -6.97718763e-01  -1.28860646e+00  -8.02869181e-03
   1.12866003e+00  -1.77230119e-01  -4.61235590e-01  -3.67989699e-01
  -6.12324411e-01  -3.50111347e-01  -1.88502479e-01  -3.17652988e-01
   2.77819621e-01  -6.60674276e-01   1.05758778e+00  -5.08777484e-01
  -7.23088216e-01   8.25660904e-01  -1.33019648e+00   2.76735615e-01
  -8.85910785e-01  -3.76575893e-01   1.11785141e+00  -4.61378176e-01
  -1.65752030e+00   3.01520285e-01   6.85593805e-01   5.28404240e-01
   1.95539783e+00  -3.61904101e-01  -1.21215110e+00  -1.16907495e+00
   1.52969151e+00   4.10891658e-02   6.15183780e-01  -9.98430615e-01
  -1.14755984e+00  -7.70472483e-01  -1.45733374e+00   1.14605676e+00
   1.49421663e-01  -1.46322240e+00  -7.91801265e-01  -3.90919060e-01
  -3.50794679e-01   7.59100193e-02   4.60949809e-01   1.92172666e+00
  -1.52480686e+00   1.87765984e-02   5.88334162e-01  -6.02548165e-01
  -6.48738306e-02  -2.21320142e-01   1.24821989e+00   1.26011753e+00
   1.03060246e+00   8.57318560e-02   4.83285268e-01   5.93780582e-01
   5.01622100e-01   1.70303935e-02   1.23704994e-01  -1.82536390e-01
  -1.19116963e+00   6.47316626e-01   7.08816877e-01   6.67537818e-01
   3.63361269e-02   7.26142458e-01  -2.94779624e-01   2.00837274e-01
   9.67338451e-01   1.27242989e+00  -1.64768812e+00  -7.54659880e-02
  -4.44548261e-01   6.15385508e-01   3.66187801e-02   1.21602905e+00
   4.01689237e-01  -1.72601635e+00   6.79659193e-01   7.98720767e-01
  -5.40914702e-01  -6.15912913e-01  -7.13812405e-01   9.05753771e-02
  -1.45227559e-01  -3.14630873e-01   2.30227347e-01  -2.56734268e-01
   8.51046349e-01   4.57587796e-01  -7.53172119e-02  -2.26623380e+00
  -6.80709869e-01  -1.38686104e-01   2.66762991e-01  -2.75739242e+00
   1.78692257e+00  -8.68099381e-02   1.90613149e-01  -1.97387174e+00
  -3.98090364e-01  -6.85760818e-01   3.89485269e-01   1.85223808e+00
  -1.77925631e-01  -1.67702240e-01  -1.55767196e+00   6.01288976e-01
  -8.13065619e-01   6.71319804e-01   1.78258197e+00   7.49449665e-01
   5.04610373e-01  -7.47654279e-01   2.41367076e-02  -1.76670067e-02
   7.08793338e-01   1.25839969e+00   6.99024304e-01  -2.57447574e-01
   1.42415323e+00   1.23546850e-01  -1.15989114e-01   4.43653516e-01
   9.53908244e-01  -1.31387599e+00   1.60054225e+00   1.01767481e+00
   1.89487038e+00   5.84292017e-01   8.51844096e-01  -5.19539886e-01
   2.04730241e+00   9.79220756e-01  -2.30122359e+00  -4.06317724e-01
   3.00270591e-02  -7.27134944e-01   1.15136161e+00   1.46923272e+00
   1.14939360e+00  -6.06514148e-01   1.17239739e-01  -1.38608639e-01
   6.47329473e-01  -1.66826736e-01   5.03343634e-02  -4.42766507e-01
   6.31679784e-01  -9.33215004e-01  -4.99760054e-01  -1.88606968e-03
   6.35486482e-01   1.07250539e+00  -2.43868339e-01  -1.06229096e+00
  -3.20470242e-02  -2.60877348e+00   2.15693314e-01   1.15536433e+00
  -3.02939948e+00   2.34502253e-01   3.94585194e-01  -1.42011514e+00
  -1.32698541e+00  -8.04614914e-01   1.64408714e+00  -1.52445337e+00
   5.87519771e-01  -1.43009952e+00  -8.64913227e-01   1.69792615e+00
  -7.65681213e-01  -7.17616850e-02  -1.03676317e-01  -1.24434058e+00
   2.18487714e-01   5.47711677e-01  -3.78648532e-01  -1.72747812e-01
   4.16343963e-01   2.42524085e-02  -1.70187377e+00  -1.33651157e+00
   3.24575438e-01  -1.20142845e+00  -1.00716250e+00   8.77832317e-01
  -3.30149560e-01   2.85285209e-01   1.70924044e+00  -5.73960975e-01
  -1.79882959e-01  -1.53374578e-01   5.50831267e-01  -2.03671680e+00
  -5.77152855e-01   1.11253813e+00  -2.22759098e+00   3.90591850e-01
   3.04315954e+00  -9.71573275e-01   2.13491758e-01  -8.39304647e-01
   2.46361976e-01   1.82709935e+00  -4.76355068e-01  -1.87736618e-02
   1.31884838e-01  -6.73443813e-01   6.35399223e-01  -6.65327941e-01
  -8.49784776e-01   2.26823680e+00  -1.49244262e+00   1.72319440e-01
  -1.86034510e-01  -5.46845308e-01  -1.14851009e+00  -1.08518993e+00
   7.04425331e-02  -3.14575562e-01  -5.37226908e-01  -3.42867415e-01
   2.03403959e+00   6.60848693e-01  -4.34842697e-01   7.18452243e-01
  -9.37787300e-02   1.38168538e+00  -1.24186673e+00  -2.65552027e-01
   9.57742091e-01   1.34516062e+00   2.88513352e-02  -1.73598222e-02
   1.22828012e+00   1.74942716e+00  -6.56524857e-01  -9.47085915e-02
  -8.80753265e-01   8.97099255e-01  -1.29337099e+00   6.93183431e-01
   1.11028065e+00   2.60366724e-01  -6.48015153e-03  -8.63790702e-01
  -8.01430165e-01  -1.51993368e+00   4.80437689e-01  -1.80296602e-01
   1.19362129e+00  -1.63217437e-01  -1.35503279e-01   1.71422455e+00
  -1.72304614e+00  -8.50702305e-01   2.94979380e-01  -1.08099211e+00
   7.14113334e-01  -9.74010356e-01  -9.26154340e-01  -1.88007362e-01
   6.68763409e-01  -6.14979826e-01   1.08639405e+00   2.19602096e+00
  -2.07812298e+00   2.89509975e+00  -1.85267390e+00   5.33454219e-02
   5.89007644e-01  -5.20601521e-01   1.40423859e-01  -1.13495884e-01
  -6.02030297e-01   1.26491524e+00  -6.06531140e-02  -1.65879104e+00
   1.57007965e+00  -2.26824921e-01  -1.16753970e+00  -2.49669025e-01
  -1.33016829e-01   1.16405371e+00   5.76897784e-01   5.42349923e-01
   1.03281110e+00  -6.63384328e-01   4.34002758e-01   7.39628142e-01]
